alpha=[0.06833431970523246, -0.0076494309320067405, -0.0019873691694322184]
beta=[1.4140015939664383, 1.5340264942314312, 1.572868739745367, 1.4, 1.4, 1.46334275197439]
gamma=[0.28803369126798928, 0.5114578598105987, 0.6837488749320128, 0.804521164215374, 0.1091332730920701, 0.20453770854105999]