alpha=[-0.006277055900152817,-0.00035155286902427332,0.3772863170106737]
beta=[1.5530286259797004,1.4,1.5577080978345177,1.4791469776983825,1.5198986146670015,1.4]
gamma=[0.013473934985301018,0.006742951732529554,0,0.00927179515277148,0.083542553578403969,0]