alpha =[0.059950423561730255, -0.056261607218822181, 0.05787763206141388]
beta =[1.5160530016102518, 1.4296188613491911, 1.423886325724432, 1.4782720891299683, 1.4134874351041977, 1.585045364211281]
gamma =[1, 0.8633762941228663, 0.8367977254790563, 0.7317433021453886, 0.4069116475113028, 0.7310871142279617]